-8.730130e-01
-1.112200e+00
-9.284720e-01
-1.072220e+00
-1.335480e+00
-1.213870e+00
-5.061590e-01
-5.424510e-01
-4.167030e-01
-8.753480e-01
-7.836100e-02
2.186140e-01
4.445840e-01
1.452910e-01
4.450340e-01
6.950340e-01
2.044890e-01
3.668830e-01
-1.150450e+00
-1.254010e+00
-8.122960e-01
-7.256630e-01
-6.328590e-01
-4.663690e-01
3.715800e-02
-2.618020e-01
6.256000e-03
-1.419330e-01
-8.734400e-02
-2.937710e-01
1.916990e-01
4.352030e-01
5.976900e-01
4.476630e-01
4.141860e-01
4.955830e-01
-6.413580e-01
-7.774300e-02
-4.937690e-01
-2.432380e-01
-2.168390e-01
6.024000e-03
-3.125470e-01
-1.090810e-01
-1.133390e-01
3.057000e-03
1.841060e-01
1.338960e-01
2.167670e-01
6.898170e-01
7.715310e-01
3.902240e-01
2.173730e-01
4.462430e-01
-3.539150e-01
-1.056890e-01
-4.187190e-01
-4.797260e-01
-6.347940e-01
-1.108650e-01
-6.943330e-01
-6.417520e-01
-1.947370e-01
-1.798020e-01
1.495540e-01
-1.765760e-01
2.225900e-01
3.612460e-01
5.035210e-01
9.245660e-01
4.266080e-01
3.216610e-01
-4.999430e-01
-8.061990e-01
-6.185000e-03
-4.820360e-01
-1.803370e-01
-6.408730e-01
-4.820140e-01
-4.746830e-01
-3.000410e-01
4.538940e-01
3.416330e-01
-2.627080e-01
-1.419710e-01
1.434080e-01
-3.983380e-01
-2.108090e-01
2.926040e-01
-3.236000e-02
1.230570e-01
-1.581500e-02
-1.648500e-01
2.677020e-01
1.904560e-01
-7.661500e-02
-1.323160e-01
-1.754600e-02
-2.161920e-01
-3.197000e-02
-1.005780e-01
2.984100e-02
-8.861300e-02
-2.569100e-02
2.199300e-01
4.976910e-01
9.736710e-01
6.751180e-01
9.122300e-02
4.054560e-01
-8.075400e-02
5.761000e-02
-4.829200e-02
-1.839000e-01
-3.921700e-02
-5.587700e-01
-5.508100e-02
2.563860e-01
-4.013570e-01
1.739000e-03
4.505220e-01
5.614140e-01
6.984500e-01
4.730530e-01
5.268650e-01
5.388620e-01
-2.946660e-01
-2.073100e-01
-2.915640e-01
-2.706650e-01
-4.738200e-01
-1.479640e-01
-4.449720e-01
5.405100e-02
-2.820400e-01
4.816390e-01
9.649600e-02
3.453000e-01
-1.892070e-01
1.371500e-01
5.174880e-01
9.154790e-01
4.157580e-01
1.600200e-01
-8.106690e-01
-2.618020e-01
-1.598210e-01
-1.805600e-02
-9.893600e-02
-3.389020e-01
-3.153110e-01
1.910250e-01
-1.670150e-01
2.443040e-01
2.107990e-01
4.114070e-01
2.392630e-01
6.479630e-01
8.056320e-01
7.953860e-01
2.667160e-01
2.264000e-02
-6.118870e-01
2.049690e-01
5.599890e-01
3.299400e-01
2.976080e-01
-3.252930e-01
1.702660e-01
-2.938940e-01
-5.848800e-02
2.285570e-01
4.444010e-01
9.760250e-01
6.952970e-01
5.402040e-01
4.560970e-01
7.789610e-01
-2.230000e-01
-4.412400e-02
-5.564540e-01
2.707530e-01
2.678700e-01
2.919110e-01
-1.130810e-01
2.784700e-01
5.377640e-01
5.436970e-01
8.292810e-01
9.625170e-01
3.833780e-01
7.494290e-01
4.872010e-01
1.795880e-01
3.645300e-02
1.432880e-01
-2.020500e-01
3.719420e-01
-5.633770e-01
-8.107300e-02
3.864800e-02
1.231680e-01
2.828240e-01
3.601260e-01
5.905330e-01
1.145770e+00
9.060630e-01
6.855190e-01
8.537140e-01
6.999290e-01
-3.536000e-02
-1.879300e-01
5.669910e-01
1.139250e-01
-2.626150e-01
4.165700e-02
1.544080e-01
3.341100e-02
2.860080e-01
8.541830e-01
1.042450e+00
4.253740e-01
5.052300e-01
8.826840e-01
8.587410e-01
-1.777700e-02
4.989400e-02
2.513080e-01
-5.903530e-01
-4.117140e-01
9.703200e-02
-3.724880e-01
-1.973800e-02
6.795500e-02
-2.171780e-01
-3.754230e-01
-1.355450e-01
1.046240e+00
3.554080e-01
4.706070e-01
4.557770e-01
6.072260e-01
8.508850e-01
3.647950e-01
-4.255550e-01
-4.780040e-01
-5.808500e-01
-2.725950e-01
-5.277300e-02
-2.612640e-01
-2.240440e-01
-1.717700e-02
-2.503000e-03
-3.324090e-01
-8.675780e-01
1.490640e-01
9.794700e-02
3.806560e-01
3.900380e-01
5.207010e-01
6.959240e-01
5.391770e-01
-2.750430e-01
-1.041210e+00
-2.515570e-01
1.367500e-01
3.493000e-03
8.640000e-02
3.035510e-01
1.236580e-01
-4.390680e-01
-5.256270e-01
-3.889880e-01
-9.891800e-02
5.463000e-02
3.887680e-01
6.875780e-01
3.296230e-01
9.255310e-01
5.308850e-01
4.167600e-02
-5.563000e-02
1.757800e-01
3.793210e-01
-9.584600e-02
4.954910e-01
4.913110e-01
4.329060e-01
-8.007360e-01
-6.099150e-01
-3.472160e-01
-2.297040e-01
5.430700e-01
7.916740e-01
7.351300e-01
7.979370e-01
6.379580e-01
3.475460e-01
-3.623300e-02
-1.920670e-01
-2.926700e-02
1.258600e-02
-7.928900e-02
3.141990e-01
3.692620e-01
1.975400e-02
0.000000e+00
0.000000e+00
0.000000e+00
0.000000e+00
0.000000e+00
0.000000e+00
0.000000e+00
0.000000e+00
0.000000e+00
0.000000e+00
0.000000e+00
0.000000e+00
0.000000e+00
0.000000e+00
0.000000e+00
0.000000e+00
0.000000e+00
0.000000e+00
