0.000000e+00
1.329210e-01
-4.369110e-01
-5.014120e-01
3.592600e-02
-4.095700e-02
2.692570e-01
-1.543730e-01
-1.519660e-01
5.131700e-01
1.406900e-02
2.565360e-01
-2.798600e-01
-5.066470e-01
2.878600e-02
3.058890e-01
-1.088670e-01
-3.962410e-01
0.000000e+00
5.083180e-01
6.732270e-01
9.528200e-02
-8.661000e-03
-1.143120e-01
1.575940e-01
2.612790e-01
2.415970e-01
6.726300e-02
-2.299180e-01
1.879440e-01
-3.032460e-01
-5.895130e-01
-5.818070e-01
-1.420180e-01
1.590380e-01
-3.498200e-02
0.000000e+00
5.593440e-01
4.563140e-01
6.400100e-02
-1.636640e-01
-3.119040e-01
1.146580e-01
1.842520e-01
-8.697000e-03
-1.239020e-01
3.127360e-01
6.018700e-02
-2.525660e-01
-3.156030e-01
-7.676800e-01
-4.120400e-01
3.453200e-02
-2.376330e-01
0.000000e+00
4.210420e-01
4.126220e-01
4.076300e-02
-3.700510e-01
5.208400e-02
3.761570e-01
1.674400e-01
-1.894500e-01
4.064600e-02
1.931310e-01
1.656430e-01
3.096490e-01
-2.983280e-01
-5.439050e-01
-3.560400e-02
-1.333700e-02
-7.261900e-02
0.000000e+00
3.307810e-01
7.230380e-01
-3.560430e-01
-4.770140e-01
2.551180e-01
2.937170e-01
3.961880e-01
2.064000e-03
4.802980e-01
1.220560e-01
2.090440e-01
7.517700e-01
-1.398140e-01
-3.542840e-01
-4.486350e-01
-3.892850e-01
-2.971970e-01
0.000000e+00
4.967250e-01
1.371360e-01
-8.973100e-02
3.287400e-02
3.997040e-01
3.209050e-01
5.208950e-01
1.049510e-01
1.551760e-01
5.023000e-02
1.668860e-01
1.158270e-01
5.152800e-02
-4.504570e-01
-4.913170e-01
-3.657000e-02
-9.154100e-02
0.000000e+00
1.847200e-02
2.526260e-01
-1.294100e-02
-2.797610e-01
-6.622300e-02
3.781800e-02
-1.238170e-01
-3.066270e-01
-2.454800e-01
9.152200e-02
-4.278280e-01
5.786300e-02
-3.344410e-01
-7.809510e-01
-4.076380e-01
-4.657570e-01
-2.858150e-01
0.000000e+00
-5.008970e-01
-8.878000e-02
-5.690790e-01
-7.409280e-01
-2.462730e-01
-5.364000e-03
5.482000e-03
-4.378840e-01
1.010100e-01
5.115120e-01
-1.738500e-01
-5.473650e-01
-1.676160e-01
-6.159850e-01
1.558000e-03
-4.251170e-01
-6.276100e-01
0.000000e+00
-5.965670e-01
-8.588610e-01
-4.027700e-01
-3.648270e-01
-4.205190e-01
-8.110900e-02
-1.003850e-01
1.821960e-01
1.822460e-01
-3.064570e-01
-3.370080e-01
-2.610610e-01
-1.832770e-01
-7.839000e-02
1.007310e-01
3.415030e-01
-4.192980e-01
0.000000e+00
-1.361890e-01
-1.018440e+00
-1.609600e-01
1.118900e-02
-4.633610e-01
-7.502930e-01
-6.115450e-01
-9.072200e-02
5.414690e-01
5.539000e-03
-4.056470e-01
1.712750e-01
7.251100e-02
2.682140e-01
7.814000e-03
3.694230e-01
-5.456070e-01
0.000000e+00
-1.015440e-01
-3.105040e-01
-2.097360e-01
2.123670e-01
-1.600750e-01
-8.149270e-01
-1.011690e+00
-5.470660e-01
2.668860e-01
9.496000e-03
-2.860990e-01
-3.366210e-01
4.212000e-02
3.122230e-01
-3.274400e-02
3.456570e-01
-5.868310e-01
0.000000e+00
-6.613600e-02
-2.490730e-01
-8.739100e-02
-5.201000e-03
-2.902900e-01
-4.435990e-01
-5.628280e-01
3.536600e-02
-7.301000e-03
-7.464600e-02
-2.924160e-01
-2.805340e-01
8.486200e-02
2.532100e-01
1.370000e-01
3.573370e-01
2.079800e-02
0.000000e+00
-1.120810e-01
-3.233360e-01
2.103990e-01
-4.929700e-02
-4.398600e-02
-3.719010e-01
-2.616820e-01
-5.162530e-01
-3.758560e-01
-2.611450e-01
1.634490e-01
9.044100e-02
1.055310e-01
8.385300e-02
4.974750e-01
-2.569000e-02
-4.333070e-01
0.000000e+00
6.493950e-01
1.185990e-01
2.954960e-01
-4.541340e-01
-2.004910e-01
-4.202700e-01
-1.515670e-01
-2.066840e-01
-2.045600e-01
-7.595700e-02
-2.186930e-01
2.367800e-02
1.552970e-01
5.130630e-01
-1.784440e-01
-1.220380e-01
-6.501700e-02
0.000000e+00
2.265050e-01
-1.305040e-01
-2.105600e-01
-2.457170e-01
-1.190020e-01
6.487490e-01
3.044360e-01
3.863020e-01
-1.827400e-02
-2.968400e-02
-2.414000e-01
1.279800e-02
2.529760e-01
7.344800e-01
5.904950e-01
-2.531890e-01
1.079020e-01
0.000000e+00
2.667970e-01
-1.747750e-01
-1.898850e-01
-1.957800e-01
1.704500e-01
2.537880e-01
4.661780e-01
3.033730e-01
3.001720e-01
4.860400e-02
-3.656130e-01
-3.567500e-01
-2.220220e-01
1.901230e-01
2.090700e-01
7.243000e-03
-1.152970e-01
0.000000e+00
7.330010e-01
3.845510e-01
3.227650e-01
4.869530e-01
-1.166400e-02
-6.698000e-02
2.549320e-01
-1.158790e-01
1.707320e-01
-6.182100e-02
-2.809180e-01
-1.885830e-01
-2.036490e-01
-1.399080e-01
1.493400e-01
2.610210e-01
-9.898300e-01
0.000000e+00
0.000000e+00
0.000000e+00
0.000000e+00
0.000000e+00
0.000000e+00
0.000000e+00
0.000000e+00
0.000000e+00
0.000000e+00
0.000000e+00
0.000000e+00
0.000000e+00
0.000000e+00
0.000000e+00
0.000000e+00
0.000000e+00
0.000000e+00
