0.000000e+00
0.000000e+00
0.000000e+00
0.000000e+00
0.000000e+00
0.000000e+00
0.000000e+00
0.000000e+00
0.000000e+00
0.000000e+00
0.000000e+00
0.000000e+00
0.000000e+00
0.000000e+00
0.000000e+00
0.000000e+00
0.000000e+00
0.000000e+00
0.000000e+00
0.000000e+00
0.000000e+00
0.000000e+00
0.000000e+00
0.000000e+00
0.000000e+00
0.000000e+00
0.000000e+00
0.000000e+00
0.000000e+00
0.000000e+00
0.000000e+00
0.000000e+00
0.000000e+00
0.000000e+00
0.000000e+00
-4.042830e-01
-1.518800e-02
7.609900e-01
3.703700e-01
-1.010500e-01
-4.626100e-02
-2.039910e-01
-3.483000e-01
-1.841910e-01
-3.326340e-01
-6.889990e-01
-6.163020e-01
-6.920280e-01
-1.079060e+00
-4.338310e-01
-3.770000e-03
-6.179140e-01
-4.292250e-01
4.243310e-01
1.663250e-01
-1.560530e-01
-2.945980e-01
-2.826200e-01
-5.492740e-01
-3.349770e-01
-3.063610e-01
-2.335870e-01
-6.060150e-01
-9.711610e-01
-7.430600e-01
-6.344910e-01
-4.301700e-02
-2.662930e-01
0.000000e+00
-4.757850e-01
-5.290600e-02
9.526300e-02
9.726500e-02
-1.335700e-01
9.657800e-02
-6.169500e-02
-6.012100e-01
-5.295960e-01
-8.061900e-02
-4.198060e-01
-3.553160e-01
-3.903010e-01
-2.057810e-01
-4.630770e-01
-6.079500e-02
2.674620e-01
-2.867870e-01
-2.219060e-01
3.004950e-01
-3.945190e-01
1.272430e-01
1.723270e-01
-5.678440e-01
-2.737310e-01
6.778400e-02
-4.383590e-01
-4.172170e-01
-2.874230e-01
-3.099010e-01
5.213600e-02
7.235000e-03
1.692600e-01
0.000000e+00
-5.871800e-02
1.539720e-01
-3.217560e-01
-1.985110e-01
-5.883110e-01
-5.674380e-01
-2.215150e-01
-4.588030e-01
-3.084740e-01
-6.371200e-01
1.162600e-02
3.543400e-02
-5.435260e-01
-3.992000e-01
-1.684900e-01
1.168680e-01
1.609200e-02
-3.006630e-01
-8.165700e-02
-8.501500e-02
-4.251750e-01
2.224190e-01
2.960310e-01
-3.364670e-01
1.457320e-01
2.257940e-01
4.557350e-01
-2.390000e-02
-7.396000e-03
1.152930e-01
6.069730e-01
1.809580e-01
-2.629800e-02
0.000000e+00
2.751790e-01
5.522890e-01
-1.190390e-01
-7.568830e-01
-3.336500e-01
-2.864870e-01
-2.574580e-01
-6.020550e-01
-7.887300e-02
-2.816190e-01
-9.331200e-02
-1.966360e-01
-5.892200e-02
-2.015090e-01
-2.687480e-01
-1.139130e-01
5.105650e-01
2.616390e-01
-1.901900e-01
2.222470e-01
-7.765000e-02
2.287700e-02
4.264400e-02
-3.867790e-01
-2.806870e-01
-4.460920e-01
-3.140100e-01
1.636100e-01
2.006320e-01
-2.662760e-01
6.591330e-01
8.198880e-01
6.112620e-01
0.000000e+00
7.218790e-01
6.550450e-01
-7.152300e-02
-3.399580e-01
3.649400e-02
2.910670e-01
1.982820e-01
5.422500e-02
-1.933360e-01
-6.947900e-02
4.871200e-02
-6.266050e-01
-3.836470e-01
-9.613410e-01
-1.952600e-01
4.305850e-01
2.059760e-01
5.808550e-01
6.061170e-01
5.744340e-01
1.066880e-01
-3.561300e-02
1.123220e-01
1.177760e-01
6.817000e-02
-6.206610e-01
-1.671890e-01
8.496300e-02
-5.634680e-01
-5.438490e-01
-6.177100e-02
9.065280e-01
7.522390e-01
0.000000e+00
2.810470e-01
-8.217800e-02
-1.502100e-01
-1.805300e-01
-1.512770e-01
5.431900e-02
-1.653930e-01
-1.075640e-01
9.914600e-02
2.360110e-01
3.581370e-01
-4.575170e-01
-2.915740e-01
-5.591070e-01
-2.923050e-01
1.999450e-01
1.258800e-01
-8.704500e-02
-3.899760e-01
1.505860e-01
2.892890e-01
1.542100e-02
-1.975400e-02
-4.617910e-01
-2.372210e-01
3.106650e-01
1.313020e-01
-3.302670e-01
-9.965030e-01
-5.922470e-01
-1.186850e-01
4.208950e-01
9.989980e-01
0.000000e+00
2.215960e-01
3.869800e-02
-1.476590e-01
-7.918190e-01
-3.223460e-01
6.793800e-02
1.750070e-01
7.503000e-03
-2.672500e-02
3.098780e-01
1.291550e-01
6.811300e-02
1.391700e-01
2.435940e-01
-3.939700e-02
-1.454630e-01
1.040710e-01
-1.804410e-01
-1.409770e-01
2.976300e-02
-3.454000e-03
-4.011060e-01
-5.174900e-02
-5.953830e-01
-6.751870e-01
1.565810e-01
-3.954500e-02
-6.229660e-01
-7.413640e-01
-3.742740e-01
1.102300e-02
2.964500e-01
3.051260e-01
0.000000e+00
2.764070e-01
-1.161580e-01
-3.016600e-01
-5.102270e-01
-4.150000e-03
5.314950e-01
5.429640e-01
2.677040e-01
3.708400e-01
-2.447310e-01
-6.230200e-02
6.090810e-01
5.884310e-01
5.296140e-01
-5.700640e-01
-5.343560e-01
-3.519570e-01
-1.155700e-01
-3.124600e-01
-2.395150e-01
-3.807220e-01
-1.086400e-01
-2.016830e-01
-2.114430e-01
4.684830e-01
5.981220e-01
-2.222050e-01
-7.764800e-02
-1.118710e-01
4.236400e-01
2.968900e-02
-1.414700e-02
-1.893570e-01
0.000000e+00
5.557200e-02
-2.830300e-02
1.372550e-01
-4.223800e-01
-2.118600e-01
2.767830e-01
2.023850e-01
1.415700e-02
4.534560e-01
-3.437500e-02
-2.124090e-01
-6.727700e-02
5.751920e-01
2.348430e-01
-4.602760e-01
-9.403400e-01
-1.055940e+00
-9.209050e-01
-1.184540e+00
-4.267520e-01
-5.818230e-01
-8.617660e-01
-6.087230e-01
1.096220e-01
3.963010e-01
6.354250e-01
2.356400e-02
3.044360e-01
6.550260e-01
6.868500e-01
3.512720e-01
4.007120e-01
2.409940e-01
0.000000e+00
4.191320e-01
-3.231000e-01
-1.858040e-01
-3.079890e-01
3.454390e-01
2.941010e-01
7.264300e-02
3.445890e-01
-2.951710e-01
1.507260e-01
-1.934290e-01
-1.661200e-01
-5.206610e-01
-6.326460e-01
-1.069910e+00
-9.299100e-01
-8.832230e-01
-9.241350e-01
-1.268150e+00
-7.492730e-01
-3.455000e-02
-4.648420e-01
-3.361810e-01
3.826550e-01
3.886950e-01
2.345400e-01
2.602480e-01
1.265960e+00
1.239230e+00
7.103900e-01
7.063490e-01
2.447420e-01
5.710830e-01
0.000000e+00
-7.248500e-02
-2.764340e-01
-5.331200e-01
6.922300e-02
4.199950e-01
-9.763500e-02
-3.530890e-01
-1.334770e-01
-1.846180e-01
-2.831240e-01
-4.656810e-01
-1.447810e-01
-3.941850e-01
-7.580690e-01
-4.043060e-01
-5.098120e-01
-3.550900e-01
-6.810670e-01
-1.046960e+00
-6.368350e-01
-1.233070e+00
-5.200230e-01
-3.382480e-01
1.474710e-01
4.997660e-01
-2.718100e-01
4.866110e-01
7.869860e-01
4.639430e-01
1.405660e-01
5.685200e-01
4.659660e-01
1.082680e-01
0.000000e+00
1.060160e-01
-5.034140e-01
-1.730560e-01
6.972300e-02
5.087820e-01
-2.505420e-01
2.109810e-01
-1.458840e-01
-4.555600e-02
-4.707500e-01
1.920100e-01
7.403760e-01
3.172200e-02
-4.621500e-01
-1.078630e-01
-4.572570e-01
-1.779060e-01
-2.725880e-01
-4.387120e-01
-1.039920e+00
-7.482760e-01
-1.705200e-01
-4.990160e-01
-1.698420e-01
-2.924610e-01
1.713950e-01
1.186770e-01
4.704390e-01
1.186000e-02
-1.445450e-01
6.150500e-02
3.368970e-01
-2.457980e-01
0.000000e+00
-1.065650e-01
-1.237070e-01
1.768700e-02
-5.247500e-02
7.623200e-02
1.139300e-02
-1.277500e-01
-1.697250e-01
2.393040e-01
-1.263030e-01
2.077660e-01
1.710820e-01
2.187450e-01
-7.279900e-02
-4.431280e-01
-8.381510e-01
-1.616850e-01
-4.891690e-01
-2.344850e-01
-8.068000e-01
-8.072940e-01
-6.772560e-01
-6.866370e-01
-6.340630e-01
-3.924920e-01
1.797160e-01
2.749760e-01
-1.882770e-01
-4.156360e-01
-6.236480e-01
-2.280660e-01
9.455600e-02
-1.454210e-01
0.000000e+00
3.511000e-03
6.829550e-01
2.968830e-01
5.690070e-01
7.835300e-02
3.027000e-02
-2.413150e-01
-7.092030e-01
-6.466200e-01
-5.100120e-01
2.785540e-01
1.186600e-01
-2.239680e-01
-9.028500e-02
-1.326300e-01
-3.932360e-01
-6.692300e-01
-1.017880e+00
-1.334000e-01
-5.926370e-01
-6.496260e-01
-8.313610e-01
-4.601510e-01
-6.531100e-02
-5.801530e-01
2.681940e-01
4.970120e-01
3.395890e-01
1.195540e-01
-5.069400e-02
-4.762980e-01
-3.472300e-02
3.331610e-01
0.000000e+00
-5.695130e-01
1.275010e-01
5.454390e-01
1.921370e-01
1.190900e-01
-1.599780e-01
-5.933110e-01
-5.038990e-01
-5.185060e-01
-7.734280e-01
-5.718100e-02
7.725800e-02
-2.187830e-01
-3.580430e-01
-3.024400e-01
-5.951370e-01
-4.799790e-01
-4.498720e-01
-3.182000e-01
-4.069760e-01
-5.052470e-01
-6.666150e-01
-2.931440e-01
-2.285700e-01
-1.319550e-01
-2.648100e-01
-1.334150e-01
-1.220940e-01
3.700550e-01
1.024700e-02
-3.932530e-01
3.850070e-01
9.744600e-02
0.000000e+00
-7.734920e-01
-2.553520e-01
-7.218050e-01
-5.852500e-01
2.596210e-01
-2.043640e-01
-2.552620e-01
-8.034350e-01
-3.784220e-01
-5.524680e-01
-1.783430e-01
-2.994510e-01
-2.124510e-01
-8.284280e-01
-8.250090e-01
-1.309400e+00
-9.441530e-01
-4.525540e-01
-7.199690e-01
-3.516510e-01
-3.788530e-01
-4.878690e-01
-4.734920e-01
6.285900e-02
2.180230e-01
9.827100e-02
-2.858350e-01
1.983830e-01
-9.571000e-02
-6.325320e-01
-7.250630e-01
-4.333800e-02
2.481500e-01
0.000000e+00
-5.163290e-01
-1.107010e+00
-1.284510e+00
-4.567800e-01
1.011750e-01
-1.950200e-01
-6.957530e-01
-5.578100e-01
-4.318530e-01
-5.594120e-01
-3.937780e-01
-3.852390e-01
-4.717390e-01
-3.076960e-01
-8.742140e-01
-1.014730e+00
-9.687100e-01
-1.371160e+00
-1.232940e+00
-8.555720e-01
-6.375270e-01
-6.134300e-01
-4.496940e-01
-5.642100e-01
2.841510e-01
4.690500e-02
-8.962200e-02
2.138830e-01
2.091800e-01
-1.772820e-01
-2.274310e-01
-3.247330e-01
-1.726850e-01
0.000000e+00
-4.115490e-01
-8.224210e-01
-1.031260e+00
-1.135190e+00
-5.796380e-01
-3.124350e-01
-7.748980e-01
-5.109900e-01
-6.132900e-01
-3.068990e-01
-4.336730e-01
-3.450240e-01
-2.334490e-01
-3.720840e-01
-3.557470e-01
-6.168990e-01
-9.511920e-01
-9.783370e-01
-1.214710e+00
-4.100140e-01
-2.297630e-01
-7.646150e-01
-9.697570e-01
-3.183000e-01
4.346970e-01
1.768500e-01
5.003300e-02
2.412660e-01
-3.615500e-02
-2.062330e-01
4.854000e-03
-9.785110e-01
-3.736220e-01
0.000000e+00
-6.804670e-01
-3.317370e-01
-1.304920e+00
-1.183890e+00
-1.027120e+00
-5.345990e-01
-1.195960e-01
-4.110100e-02
-2.371700e-02
-5.461360e-01
-1.438490e-01
1.895570e-01
-7.595740e-01
-4.089260e-01
-3.012440e-01
-6.682350e-01
-6.989130e-01
-8.050770e-01
-6.379470e-01
-6.385970e-01
-7.184250e-01
-1.007620e+00
-6.101250e-01
-9.451000e-02
9.754100e-02
-2.457100e-01
-2.940810e-01
-4.925500e-01
-2.749780e-01
-3.737550e-01
-5.633200e-02
-7.026500e-02
3.119800e-02
0.000000e+00
-3.022130e-01
-7.449680e-01
-9.231620e-01
-8.933230e-01
-1.017050e+00
-7.369160e-01
-6.968860e-01
-1.082060e+00
-5.800770e-01
-9.917450e-01
-6.681690e-01
-3.111850e-01
-7.898590e-01
-9.371660e-01
-4.737310e-01
-8.136710e-01
-8.982630e-01
-1.114820e+00
-1.128680e+00
-1.012180e+00
-8.076530e-01
-8.964670e-01
-7.643430e-01
-2.284160e-01
-2.580040e-01
-2.706990e-01
-1.404470e-01
-5.749220e-01
-2.627200e-01
-4.166370e-01
-4.869160e-01
-2.770850e-01
-1.861540e-01
0.000000e+00
-5.688320e-01
-1.170670e+00
-8.071030e-01
-4.650490e-01
-8.020130e-01
-1.204120e+00
-1.671830e+00
-1.666530e+00
-1.070050e+00
-7.628590e-01
-4.947800e-01
-6.237660e-01
-4.755010e-01
-7.435200e-01
-8.865520e-01
-7.540760e-01
-8.016560e-01
-7.616910e-01
-1.171150e+00
-1.255640e+00
-5.430200e-01
-4.314900e-01
-2.951450e-01
-5.419800e-02
-1.951000e-02
-1.819750e-01
-3.934600e-01
-7.152700e-02
6.424600e-02
-1.446580e-01
-3.724420e-01
7.044100e-02
-8.634390e-01
0.000000e+00
-1.084760e+00
-5.845830e-01
-6.280420e-01
-8.556540e-01
-5.936280e-01
-8.356470e-01
-1.055850e+00
-1.173630e+00
-1.523800e+00
-1.302730e+00
-1.149500e+00
-9.303210e-01
-4.258060e-01
-8.840070e-01
-1.112490e+00
-9.781850e-01
-5.229820e-01
-7.703500e-01
-9.197600e-01
-1.076850e+00
-3.887130e-01
-9.515000e-02
-4.691470e-01
-3.895800e-01
-5.313410e-01
-3.275620e-01
-2.837740e-01
2.124540e-01
4.317680e-01
-5.185990e-01
1.315870e-01
-1.587370e-01
-3.235010e-01
0.000000e+00
-1.009230e+00
-8.640750e-01
-1.065960e+00
-9.643900e-02
-1.875800e-01
-8.283200e-01
-4.088780e-01
-6.543890e-01
-1.091820e+00
-1.346340e+00
-1.108390e+00
-1.268480e+00
-6.971940e-01
-1.150040e+00
-1.008470e+00
-7.760750e-01
-5.353840e-01
-7.135880e-01
-1.195510e+00
-7.648400e-01
-5.393900e-01
-5.203810e-01
-1.558180e-01
-1.548600e-01
-8.049210e-01
-5.830580e-01
-3.202710e-01
4.840000e-04
-3.133150e-01
-2.621440e-01
-1.522410e-01
-1.503700e-01
-7.682220e-01
0.000000e+00
-1.290070e+00
-1.462220e+00
-1.118090e+00
-4.874490e-01
-7.859760e-01
-6.437460e-01
-5.671680e-01
-1.102160e+00
-9.741600e-01
-1.290700e+00
-1.145350e+00
-1.128710e+00
-8.408830e-01
-1.175110e+00
-9.802640e-01
-1.385730e+00
-1.258790e+00
-1.247010e+00
-1.203190e+00
-1.028930e+00
-6.360700e-01
-2.366550e-01
-3.986350e-01
-8.322340e-01
-1.007500e+00
-1.170370e+00
-1.419870e+00
-8.475740e-01
-3.057800e-01
-3.965670e-01
-5.349650e-01
-4.432830e-01
-1.908740e-01
0.000000e+00
-1.067960e+00
-1.439360e+00
-6.418080e-01
-6.558940e-01
-1.042440e+00
-6.279590e-01
-7.642430e-01
-9.345780e-01
-8.178020e-01
-1.060920e+00
-1.310730e+00
-1.387450e+00
-9.741360e-01
-1.466720e+00
-1.217040e+00
-1.405380e+00
-1.364130e+00
-1.024900e+00
-8.173140e-01
-1.144610e+00
-5.313680e-01
-3.189370e-01
-1.108650e+00
-4.615010e-01
-6.861320e-01
-4.817640e-01
-8.443960e-01
-9.463080e-01
-8.536670e-01
-8.039600e-01
-5.288160e-01
-1.812060e-01
-3.612630e-01
0.000000e+00
-7.640170e-01
-3.230550e-01
-1.008870e+00
-7.661430e-01
-1.443470e+00
-5.799840e-01
-5.081390e-01
-1.039640e+00
-2.657120e-01
-1.286850e+00
-1.522520e+00
-1.652160e+00
-1.428570e+00
-1.547180e+00
-1.566990e+00
-1.528150e+00
-1.228370e+00
-5.595930e-01
-1.090120e+00
-6.851680e-01
-5.237730e-01
-4.967470e-01
-9.983440e-01
-8.193290e-01
-5.852420e-01
-1.062020e+00
-9.100950e-01
-5.343600e-01
-3.818980e-01
-4.135890e-01
-6.447960e-01
-4.969110e-01
3.319170e-01
0.000000e+00
-8.746980e-01
-9.501590e-01
-1.014270e+00
-3.349640e-01
-1.161130e+00
-6.043430e-01
-4.289680e-01
-6.319940e-01
-1.099440e+00
-1.321560e+00
-1.271730e+00
-1.456850e+00
-1.211390e+00
-1.094110e+00
-1.013700e+00
-1.070470e+00
-5.676650e-01
-3.496760e-01
-1.215850e+00
-1.093280e+00
-2.726520e-01
-9.093720e-01
-8.527190e-01
-7.021470e-01
-3.990520e-01
-3.581840e-01
-7.234710e-01
-9.136510e-01
-1.054890e+00
-7.242540e-01
-8.230320e-01
-9.956750e-01
-4.549550e-01
0.000000e+00
-7.360680e-01
-4.606060e-01
-7.405620e-01
-6.190140e-01
-7.202950e-01
-4.443850e-01
-7.692690e-01
-7.353540e-01
-7.269490e-01
-1.151590e+00
-1.139880e+00
-6.871180e-01
-4.666280e-01
-1.414610e+00
-9.791770e-01
-1.105200e+00
-8.600610e-01
-5.818700e-01
-7.597260e-01
-1.111810e+00
-4.952790e-01
-9.129960e-01
-7.097570e-01
-8.654580e-01
-6.740820e-01
-3.407840e-01
-2.976130e-01
-6.829990e-01
-8.215440e-01
-4.609050e-01
-5.384260e-01
-6.867760e-01
3.168660e-01
0.000000e+00
-7.352300e-01
-2.244200e-01
-2.379780e-01
-9.923590e-01
-7.422280e-01
-9.165650e-01
-1.001280e+00
-5.614990e-01
-7.588960e-01
-1.423900e+00
-9.481880e-01
-2.388540e-01
-1.825190e-01
-6.553900e-01
-1.040410e+00
-4.981020e-01
-8.142710e-01
-4.870650e-01
-5.588650e-01
-5.462080e-01
-6.452560e-01
-1.359490e+00
-8.325800e-01
-8.232860e-01
-4.266810e-01
-1.643500e-01
5.881900e-02
-3.339750e-01
-1.906790e-01
-7.337140e-01
-2.929390e-01
-1.764290e-01
7.675210e-01
0.000000e+00
-4.377970e-01
-3.586890e-01
-6.816180e-01
-5.011730e-01
-6.839030e-01
-5.265050e-01
-1.190760e+00
-5.633730e-01
-5.155890e-01
-1.008280e+00
-1.216090e+00
-1.787920e-01
-2.812100e-01
-1.348660e-01
-5.453480e-01
-8.244420e-01
-6.706920e-01
-7.733840e-01
-1.146920e+00
-8.128700e-01
-1.521180e+00
-1.050790e+00
-4.143680e-01
-7.270430e-01
-8.205240e-01
-3.509330e-01
-9.379300e-02
5.462600e-02
-5.576890e-01
-3.213980e-01
-2.548950e-01
6.328000e-03
7.903010e-01
0.000000e+00
-8.438760e-01
-6.177920e-01
-1.119210e+00
-1.080270e+00
-7.992640e-01
-9.326200e-01
-9.588910e-01
-4.730810e-01
-7.710570e-01
-5.741670e-01
-8.961070e-01
-5.600800e-01
1.966120e-01
-1.870230e-01
-3.602260e-01
-4.499010e-01
-8.421670e-01
-7.053170e-01
-1.173780e+00
-5.225200e-01
-8.211320e-01
-5.111460e-01
-4.733060e-01
-7.651270e-01
-5.990340e-01
-8.455530e-01
-4.104650e-01
-5.741020e-01
-3.999810e-01
-2.582080e-01
-8.267000e-02
-3.881710e-01
4.578270e-01
0.000000e+00
-1.463940e+00
-1.195220e+00
-1.175480e+00
-1.327880e+00
-1.391190e+00
-1.055010e+00
-8.581680e-01
-9.313130e-01
-4.991630e-01
-9.041320e-01
-4.628830e-01
-3.722240e-01
5.105600e-02
1.145620e-01
-1.192900e-02
-2.043850e-01
-3.210410e-01
-5.006920e-01
-6.698010e-01
-1.009510e+00
-7.186490e-01
-9.056100e-01
-6.044330e-01
-3.619210e-01
-3.513590e-01
-4.162190e-01
-7.731770e-01
-7.302330e-01
-6.209380e-01
-5.301200e-02
1.538740e-01
2.190560e-01
3.680400e-01
0.000000e+00
-1.026220e+00
-1.108270e+00
-8.137600e-01
-1.290590e+00
-1.062320e+00
-8.854940e-01
-3.290960e-01
-1.268250e+00
-1.056070e+00
-9.192260e-01
-5.249140e-01
-5.750980e-01
6.215000e-02
1.909700e-02
7.021000e-03
-1.214880e-01
-3.530750e-01
-5.226620e-01
-7.510930e-01
3.373300e-02
1.388100e-02
3.275900e-02
1.762440e-01
-2.468080e-01
-4.577810e-01
-7.198210e-01
-6.941680e-01
-4.932670e-01
-3.986280e-01
-2.186140e-01
9.212000e-03
-5.266080e-01
-6.463500e-01
