-5.899530e-01
1.831320e-01
-5.346000e-01
-4.883960e-01
-2.511280e-01
-4.767100e-02
-3.958340e-01
-5.684680e-01
-9.780730e-01
-6.283060e-01
-8.566850e-01
-1.055600e+00
-6.505100e-01
-6.640600e-02
-3.584840e-01
-2.774520e-01
-1.912500e-01
0.000000e+00
2.822190e-01
-1.042120e-01
1.604400e-01
-1.921490e-01
-4.752490e-01
-2.586130e-01
-2.619270e-01
-5.325730e-01
-4.523220e-01
-9.257710e-01
-7.591420e-01
-6.444210e-01
-1.848300e-02
1.379460e-01
-5.105370e-01
-1.073130e-01
1.880170e-01
0.000000e+00
5.611600e-02
-4.338900e-01
-1.075200e-02
-6.476890e-01
-5.636140e-01
-4.642330e-01
-2.516110e-01
-6.113820e-01
-7.039500e-01
-1.150870e+00
-1.015830e+00
-7.502110e-01
-8.392800e-02
-3.692700e-01
2.198000e-03
-1.604000e-03
3.704900e-02
0.000000e+00
-2.871320e-01
-2.209600e-01
-1.647740e-01
-2.674070e-01
2.385000e-02
5.054000e-03
-4.347170e-01
-7.393640e-01
-7.001260e-01
-6.506480e-01
-5.862960e-01
-2.184860e-01
-6.457880e-01
-4.087950e-01
-2.939030e-01
3.215710e-01
-3.980450e-01
0.000000e+00
-5.004350e-01
-7.714570e-01
-2.769100e-02
-3.244830e-01
-5.226000e-03
8.382500e-02
-7.271100e-01
-6.703210e-01
8.533300e-02
-2.842990e-01
-5.468200e-02
-2.065030e-01
-4.356220e-01
-4.318550e-01
-8.317470e-01
-5.597950e-01
-7.290290e-01
0.000000e+00
-7.720350e-01
-3.940410e-01
2.107350e-01
-9.196500e-02
-3.027650e-01
-1.646970e-01
-3.244700e-02
-7.626000e-02
-5.393600e-01
-3.565490e-01
1.777840e-01
-2.554470e-01
-8.035140e-01
-8.059710e-01
-3.685060e-01
-9.706530e-01
-5.886640e-01
0.000000e+00
-6.193500e-01
-2.309670e-01
-7.203530e-01
-1.633450e-01
-4.148100e-01
-7.141440e-01
-4.446860e-01
-6.822910e-01
-7.358770e-01
-2.315570e-01
-4.930550e-01
-7.781190e-01
-1.259760e+00
-3.936260e-01
-7.101920e-01
-1.061870e+00
-7.944060e-01
0.000000e+00
7.229400e-02
2.541810e-01
-5.096300e-02
-1.619130e-01
-3.612910e-01
1.506210e-01
5.637100e-02
-1.009070e+00
-3.319720e-01
-2.623130e-01
-1.046090e+00
-9.916460e-01
-7.008670e-01
-5.530220e-01
-9.505190e-01
-1.234160e+00
-7.098490e-01
0.000000e+00
5.630440e-01
6.475010e-01
5.142680e-01
-6.356560e-01
-3.403220e-01
-7.399500e-02
-3.089770e-01
-6.469310e-01
-4.197420e-01
-5.194080e-01
-8.128460e-01
-7.138320e-01
-6.239940e-01
-6.348960e-01
-8.025270e-01
-7.438570e-01
-5.802910e-01
0.000000e+00
5.034280e-01
3.593330e-01
7.544790e-01
-5.727830e-01
-4.823700e-01
-4.228160e-01
-6.879690e-01
-2.078320e-01
-6.084430e-01
-4.943100e-01
-3.077840e-01
-3.335370e-01
-5.376190e-01
-7.988910e-01
-8.068750e-01
-5.391510e-01
-1.324280e-01
0.000000e+00
3.436350e-01
7.683140e-01
4.608520e-01
-5.745250e-01
-5.967390e-01
-1.161120e-01
3.894880e-01
2.362120e-01
-5.383200e-02
-2.757890e-01
-2.406910e-01
-4.802410e-01
-2.933000e-03
-8.698300e-02
-8.979380e-01
-8.042000e-01
-6.707610e-01
0.000000e+00
-1.276200e-02
2.508740e-01
-1.716110e-01
-4.898380e-01
-4.814930e-01
-1.846820e-01
6.914800e-02
-8.355200e-02
1.409800e-02
1.393800e-02
2.536940e-01
-4.209210e-01
-1.155490e-01
-5.129100e-01
-1.847330e-01
-7.127670e-01
-2.131840e-01
0.000000e+00
-1.778000e-02
4.747900e-02
-3.378660e-01
-6.450500e-02
2.797540e-01
1.627390e-01
-1.915210e-01
-2.443410e-01
1.953620e-01
1.302830e-01
-3.172650e-01
-7.141680e-01
-1.747900e-02
5.555400e-02
-2.174940e-01
-3.080290e-01
-4.398490e-01
0.000000e+00
-2.183560e-01
3.221200e-01
-2.351090e-01
-4.259290e-01
2.205720e-01
2.376500e-02
-4.407630e-01
-2.378920e-01
3.064560e-01
-1.014990e-01
1.502520e-01
-3.383060e-01
-6.671760e-01
7.658300e-02
-3.141010e-01
-1.958470e-01
-1.000670e-01
0.000000e+00
-1.799000e-02
5.830160e-01
-1.540430e-01
-5.099290e-01
1.935340e-01
3.966870e-01
2.224300e-02
2.212870e-01
2.887580e-01
-4.126700e-01
-1.430020e-01
-6.653500e-01
-8.087230e-01
9.589800e-02
2.455130e-01
1.632820e-01
4.856440e-01
0.000000e+00
2.934460e-01
1.267150e-01
5.043450e-01
2.700280e-01
1.242150e-01
3.209600e-01
7.720000e-03
1.473500e-01
1.523400e-02
-3.775550e-01
-1.002000e-02
-7.202070e-01
-3.025180e-01
2.647040e-01
3.186070e-01
1.164850e-01
1.959470e-01
0.000000e+00
2.044890e-01
3.668830e-01
1.258150e-01
8.908290e-01
7.361840e-01
5.543530e-01
3.930800e-01
6.021020e-01
3.795380e-01
3.519360e-01
-2.258140e-01
-3.614820e-01
2.614710e-01
-1.917770e-01
2.214830e-01
-2.510330e-01
3.432500e-02
0.000000e+00
4.141860e-01
4.955830e-01
-7.077400e-02
4.814380e-01
1.001490e+00
8.600000e-01
5.903380e-01
7.132530e-01
3.337450e-01
-2.180030e-01
-2.514780e-01
-3.434320e-01
-1.006210e-01
-2.090680e-01
7.312010e-01
6.878520e-01
-8.201300e-02
0.000000e+00
