-1.088670e-01
-3.962410e-01
-2.788870e-01
-2.905650e-01
-3.834980e-01
-1.434890e-01
-2.411200e-02
-3.837200e-02
-2.689520e-01
-4.607000e-02
-3.827470e-01
-1.629020e-01
-4.305690e-01
-4.966700e-01
-5.499300e-02
-5.077500e-01
-8.730130e-01
-1.112200e+00
1.590380e-01
-3.498200e-02
-3.468660e-01
-8.249360e-01
7.635200e-02
-3.297470e-01
7.724000e-03
2.322740e-01
-8.076200e-02
4.216320e-01
1.143390e-01
-9.388000e-02
-2.831380e-01
-6.141140e-01
-4.710040e-01
-6.474250e-01
-1.150450e+00
-1.254010e+00
3.453200e-02
-2.376330e-01
-3.418160e-01
-5.061890e-01
-1.128170e+00
-9.923250e-01
-2.153180e-01
-4.451980e-01
2.019290e-01
2.426550e-01
4.966260e-01
-2.397570e-01
-4.431860e-01
-7.312810e-01
-7.299920e-01
-6.153730e-01
-6.413580e-01
-7.774300e-02
-1.333700e-02
-7.261900e-02
-1.561860e-01
-8.040730e-01
-1.081620e+00
-1.192580e+00
-7.111460e-01
-4.445300e-01
-2.433920e-01
2.072360e-01
3.329000e-03
-3.676640e-01
-1.952680e-01
-4.710860e-01
-4.604610e-01
-7.071780e-01
-3.539150e-01
-1.056890e-01
-3.892850e-01
-2.971970e-01
-2.232680e-01
-4.611680e-01
-1.033640e+00
-9.599720e-01
-7.220370e-01
-5.131200e-02
-1.614700e-01
1.251640e-01
-1.887790e-01
-4.648900e-01
-3.749000e-01
-9.111000e-02
5.047700e-02
-1.214740e-01
-4.999430e-01
-8.061990e-01
-3.657000e-02
-9.154100e-02
-3.978300e-02
-3.159700e-01
-7.344540e-01
-4.933420e-01
-1.771200e-01
-2.123430e-01
-2.441140e-01
8.568100e-02
6.003800e-02
-5.185900e-01
-3.288750e-01
2.835120e-01
5.138460e-01
-2.085450e-01
1.230570e-01
-1.581500e-02
-4.657570e-01
-2.858150e-01
-8.395800e-02
-5.566660e-01
-6.186910e-01
4.757100e-02
-4.354390e-01
-2.334020e-01
5.619690e-01
5.747340e-01
-7.824790e-01
-5.984270e-01
3.473220e-01
2.685400e-02
1.466650e-01
1.270870e-01
9.122300e-02
4.054560e-01
-4.251170e-01
-6.276100e-01
-2.248160e-01
-2.462530e-01
-6.351170e-01
-2.609500e-01
-2.452460e-01
2.724190e-01
3.627780e-01
1.837490e-01
-1.026880e-01
-2.109960e-01
2.459000e-03
1.045770e-01
-7.126500e-02
2.475600e-02
-2.946660e-01
-2.073100e-01
3.415030e-01
-4.192980e-01
-2.357330e-01
-3.296270e-01
-3.264560e-01
-2.578900e-01
-4.627900e-02
5.347330e-01
-1.848900e-02
-3.722000e-03
2.136500e-02
-5.891410e-01
-5.339660e-01
-7.461370e-01
-5.854970e-01
-4.626000e-03
-8.106690e-01
-2.618020e-01
3.694230e-01
-5.456070e-01
-3.434240e-01
8.808400e-02
-4.238940e-01
-9.457820e-01
-2.780970e-01
6.309640e-01
2.050890e-01
9.269400e-02
6.041060e-01
8.123720e-01
-2.203710e-01
-3.291880e-01
-1.259680e-01
-7.051010e-01
-6.118870e-01
2.049690e-01
3.456570e-01
-5.868310e-01
1.183830e-01
-1.922810e-01
-4.067320e-01
-4.854170e-01
-2.293020e-01
5.177240e-01
3.477170e-01
3.729600e-02
1.698000e-01
6.732350e-01
5.084320e-01
-1.905040e-01
-1.303180e-01
1.773000e-02
-5.564540e-01
2.707530e-01
3.573370e-01
2.079800e-02
1.503500e-02
1.635140e-01
-6.282270e-01
-4.410530e-01
-1.543780e-01
-5.230170e-01
-3.606290e-01
-2.742440e-01
-8.808200e-02
4.465400e-02
2.660860e-01
-3.024800e-01
-3.707130e-01
-5.904540e-01
-5.633770e-01
-8.107300e-02
-2.569000e-02
-4.333070e-01
-4.039500e-02
-7.376400e-02
-1.778970e-01
-2.376850e-01
-5.082670e-01
-3.748950e-01
-3.307600e-02
-6.737270e-01
-8.455000e-03
-1.792130e-01
7.504000e-03
-4.458550e-01
-5.605560e-01
-2.183980e-01
1.544080e-01
3.341100e-02
-1.220380e-01
-6.501700e-02
-1.664280e-01
-7.058540e-01
2.462850e-01
-5.634500e-02
-4.909290e-01
-3.078030e-01
-2.711130e-01
-2.316000e-01
-2.809820e-01
-6.069740e-01
-8.166530e-01
-2.300860e-01
-2.167650e-01
-4.993560e-01
-2.171780e-01
-3.754230e-01
-2.531890e-01
1.079020e-01
-3.301560e-01
-6.529910e-01
-6.544010e-01
-2.632950e-01
-3.589380e-01
-1.308740e-01
2.622110e-01
-1.544570e-01
-2.186470e-01
-6.309380e-01
-6.285800e-01
-4.058870e-01
-2.850580e-01
-2.781910e-01
-2.503000e-03
-3.324090e-01
7.243000e-03
-1.152970e-01
-6.536810e-01
-4.164200e-01
-9.206110e-01
-2.989120e-01
-2.710440e-01
-3.411770e-01
4.667400e-02
-8.874200e-02
-3.666850e-01
-2.768000e-02
-9.957200e-02
2.470210e-01
1.382540e-01
-7.030220e-01
-4.390680e-01
-5.256270e-01
2.610210e-01
-9.898300e-01
-1.326250e+00
-5.290150e-01
-7.034290e-01
-4.213790e-01
-3.517850e-01
-1.905610e-01
1.282300e-02
-4.111730e-01
-5.221130e-01
1.907940e-01
-5.802800e-02
1.754560e-01
5.637000e-03
-4.306930e-01
-8.007360e-01
-6.099150e-01
0.000000e+00
0.000000e+00
0.000000e+00
0.000000e+00
0.000000e+00
0.000000e+00
0.000000e+00
0.000000e+00
0.000000e+00
0.000000e+00
0.000000e+00
0.000000e+00
0.000000e+00
0.000000e+00
0.000000e+00
0.000000e+00
0.000000e+00
0.000000e+00
