2.190560e-01
3.680400e-01
-3.311810e-01
7.977900e-02
-4.523300e-02
2.995500e-01
-1.065420e-01
-3.491640e-01
-4.130290e-01
1.274650e-01
2.379120e-01
1.027130e-01
2.821990e-01
-2.143140e-01
-2.182970e-01
-4.442450e-01
-5.899530e-01
1.831320e-01
-5.266080e-01
-6.463500e-01
-6.029320e-01
-5.313500e-01
6.103600e-02
2.386730e-01
1.589090e-01
9.148500e-02
-2.144300e-01
1.329990e-01
-2.693510e-01
-3.948540e-01
2.232350e-01
-1.415990e-01
3.056490e-01
-3.284500e-02
2.822190e-01
-1.042120e-01
6.035000e-02
3.414000e-03
-3.552290e-01
-7.009500e-02
3.273940e-01
2.671100e-01
5.114500e-01
-6.256700e-02
-7.873150e-01
-2.671240e-01
-2.599320e-01
-5.157330e-01
-8.026200e-02
9.551000e-02
-1.271000e-01
1.135160e-01
5.611600e-02
-4.338900e-01
-2.506700e-02
-2.146600e-01
-3.294900e-02
4.923400e-02
3.081700e-01
-1.761700e-02
5.288040e-01
4.758800e-02
2.304220e-01
-3.179700e-02
-5.283220e-01
-2.948900e-02
-2.105460e-01
2.188370e-01
1.552960e-01
-6.084710e-01
-2.871320e-01
-2.209600e-01
8.713000e-03
1.081680e-01
-2.867570e-01
4.762000e-02
2.211370e-01
-4.813600e-02
-4.271900e-02
6.662300e-02
-3.699720e-01
-4.496980e-01
-3.025170e-01
-1.176890e-01
-4.118460e-01
-4.543360e-01
-5.179100e-02
-1.324070e-01
-5.004350e-01
-7.714570e-01
-2.680500e-02
-5.692800e-01
-1.119060e+00
-2.834920e-01
4.127800e-02
-3.376070e-01
-3.692330e-01
-6.101810e-01
-6.456400e-01
-2.388430e-01
-4.827330e-01
-3.864280e-01
-3.003280e-01
-5.233350e-01
2.378000e-02
-1.443590e-01
-7.720350e-01
-3.940410e-01
-7.937600e-02
-4.242140e-01
-7.524770e-01
-7.435620e-01
-2.708840e-01
-8.814300e-02
-5.187290e-01
-1.734340e-01
6.043300e-02
-2.683710e-01
-3.267340e-01
-5.815640e-01
-1.065270e-01
-3.009100e-01
-5.243500e-01
-4.333000e-01
-6.193500e-01
-2.309670e-01
-1.412390e-01
-6.298330e-01
-8.661880e-01
-5.904310e-01
1.285470e-01
-4.359100e-02
-3.256800e-02
1.543640e-01
-1.372770e-01
-3.265730e-01
-4.280320e-01
-2.223220e-01
2.797100e-02
9.946100e-02
-3.729920e-01
-1.772350e-01
7.229400e-02
2.541810e-01
-3.212990e-01
-1.215180e-01
-4.852670e-01
-7.387950e-01
-2.383170e-01
7.146790e-01
9.385500e-02
5.826300e-02
-4.161160e-01
1.543170e-01
2.772730e-01
-1.221730e-01
2.855030e-01
2.737390e-01
6.235980e-01
3.467590e-01
5.630440e-01
6.475010e-01
-2.094490e-01
-2.008820e-01
-8.239000e-01
-2.201790e-01
-6.319430e-01
3.792470e-01
1.706280e-01
-6.224130e-01
-3.152500e-02
-8.108000e-03
3.625260e-01
1.986980e-01
5.242460e-01
6.207260e-01
9.627120e-01
3.211130e-01
5.034280e-01
3.593330e-01
6.039800e-01
-6.406000e-03
8.988600e-02
5.580600e-02
-7.191860e-01
-5.279540e-01
-2.729390e-01
-1.395770e-01
5.200880e-01
2.433200e-01
2.043340e-01
6.725700e-01
5.630310e-01
1.072600e+00
1.036790e+00
3.090050e-01
3.436350e-01
7.683140e-01
1.665500e-01
5.214500e-02
-8.839100e-02
-5.327050e-01
-2.369700e-01
-1.200040e+00
-7.643300e-01
-4.574740e-01
3.089100e-01
-1.076170e-01
6.061310e-01
2.968940e-01
7.454900e-01
5.386930e-01
6.212600e-02
-8.155600e-02
-1.276200e-02
2.508740e-01
-5.159470e-01
-2.856860e-01
-2.799020e-01
-6.786290e-01
-9.635200e-02
-8.390950e-01
-8.696600e-02
-1.806910e-01
5.230100e-02
2.296420e-01
6.561940e-01
4.539680e-01
4.843280e-01
4.554480e-01
2.394480e-01
-6.403000e-03
-1.778000e-02
4.747900e-02
-4.976810e-01
-2.198010e-01
-1.890430e-01
-4.539260e-01
-3.291480e-01
-3.661820e-01
-2.086700e-02
-4.776300e-02
5.425200e-02
1.222330e-01
2.289040e-01
-3.971250e-01
2.312050e-01
1.058400e-02
3.176860e-01
-6.799000e-03
-2.183560e-01
3.221200e-01
-5.212640e-01
-2.592440e-01
-9.503800e-02
-6.887890e-01
-3.087100e-01
-3.540770e-01
-2.724250e-01
1.440170e-01
2.003600e-02
-2.136790e-01
7.375200e-02
6.896000e-03
-3.213820e-01
1.080050e-01
2.248700e-01
5.320900e-02
-1.799000e-02
5.830160e-01
-3.977240e-01
-4.979260e-01
-5.612170e-01
-1.200960e+00
-8.618200e-01
-7.805370e-01
-4.526290e-01
-4.444380e-01
-3.860900e-01
-1.443030e-01
-3.371990e-01
-2.273590e-01
-3.108850e-01
-1.645710e-01
1.129770e-01
1.280700e-01
2.934460e-01
1.267150e-01
-8.730130e-01
-1.112200e+00
-9.284720e-01
-1.072220e+00
-1.335480e+00
-1.213870e+00
-5.061590e-01
-5.424510e-01
-4.167030e-01
-8.753480e-01
-7.836100e-02
2.186140e-01
4.445840e-01
1.452910e-01
4.450340e-01
6.950340e-01
2.044890e-01
3.668830e-01
-1.150450e+00
-1.254010e+00
-8.122960e-01
-7.256630e-01
-6.328590e-01
-4.663690e-01
3.715800e-02
-2.618020e-01
6.256000e-03
-1.419330e-01
-8.734400e-02
-2.937710e-01
1.916990e-01
4.352030e-01
5.976900e-01
4.476630e-01
4.141860e-01
4.955830e-01
