2.044890e-01
3.668830e-01
1.258150e-01
8.908290e-01
7.361840e-01
5.543530e-01
3.930800e-01
6.021020e-01
3.795380e-01
3.519360e-01
-2.258140e-01
-3.614820e-01
2.614710e-01
-1.917770e-01
2.214830e-01
-2.510330e-01
3.432500e-02
0.000000e+00
4.141860e-01
4.955830e-01
-7.077400e-02
4.814380e-01
1.001490e+00
8.600000e-01
5.903380e-01
7.132530e-01
3.337450e-01
-2.180030e-01
-2.514780e-01
-3.434320e-01
-1.006210e-01
-2.090680e-01
7.312010e-01
6.878520e-01
-8.201300e-02
0.000000e+00
2.173730e-01
4.462430e-01
-1.333600e-02
-1.759000e-02
7.916180e-01
7.144010e-01
3.659180e-01
5.925230e-01
4.843200e-01
-1.522410e-01
-5.995110e-01
-1.396130e-01
-8.067090e-01
-3.900900e-01
3.370170e-01
3.828830e-01
-1.279970e-01
0.000000e+00
4.266080e-01
3.216610e-01
-2.131310e-01
5.747400e-02
9.746100e-02
4.077410e-01
6.492650e-01
5.391050e-01
6.075100e-01
-2.016630e-01
-2.973900e-01
-5.279710e-01
-6.917150e-01
-1.646850e-01
-2.038550e-01
-5.700640e-01
-4.774550e-01
0.000000e+00
2.926040e-01
-3.236000e-02
1.637180e-01
-1.498490e-01
3.352990e-01
3.442500e-02
3.766450e-01
6.069400e-01
3.335690e-01
4.231090e-01
-1.719650e-01
2.964460e-01
-4.259550e-01
-4.372930e-01
-2.013830e-01
-4.947300e-01
-7.486820e-01
0.000000e+00
9.736710e-01
6.751180e-01
1.584160e-01
1.883820e-01
4.032900e-02
1.595490e-01
1.155570e-01
6.042250e-01
3.494520e-01
1.153950e-01
1.644960e-01
2.738200e-01
-2.494360e-01
4.084210e-01
2.458030e-01
3.685800e-02
-2.709030e-01
0.000000e+00
5.268650e-01
5.388620e-01
3.484200e-01
-1.774110e-01
3.747100e-02
4.127210e-01
5.279170e-01
3.111480e-01
-1.406950e-01
-4.894650e-01
4.618240e-01
-1.050770e-01
1.597130e-01
-1.579020e-01
-1.888930e-01
-1.461250e-01
-4.534940e-01
0.000000e+00
4.157580e-01
1.600200e-01
7.800100e-02
1.492190e-01
6.337870e-01
7.142470e-01
3.719110e-01
1.233220e-01
3.650280e-01
-4.435360e-01
-1.266720e-01
1.969990e-01
-2.995000e-03
-1.317200e-02
-2.565100e-02
1.455460e-01
-4.140870e-01
0.000000e+00
2.667160e-01
2.264000e-02
-8.106330e-01
-1.241400e-02
2.130460e-01
7.137200e-01
7.458290e-01
5.576930e-01
8.474500e-01
6.192230e-01
-1.305000e-02
-4.257380e-01
-2.063210e-01
1.414950e-01
1.111970e-01
9.058000e-02
-8.944100e-02
0.000000e+00
-2.230000e-01
-4.412400e-02
1.163440e-01
-1.216600e-02
2.731060e-01
1.952830e-01
3.621000e-02
-5.953600e-02
8.452720e-01
1.050000e-04
-1.504350e-01
-1.504940e-01
5.704120e-01
2.484110e-01
1.130250e-01
-2.676570e-01
-4.015040e-01
0.000000e+00
-2.020500e-01
3.719420e-01
6.153800e-01
9.050200e-01
7.476830e-01
2.180030e-01
5.299300e-02
3.195130e-01
6.578460e-01
-3.037210e-01
4.790100e-02
4.006310e-01
4.492090e-01
4.493810e-01
-1.044260e-01
-1.293820e-01
-5.958390e-01
0.000000e+00
-2.626150e-01
4.165700e-02
5.460740e-01
5.950620e-01
1.048390e+00
5.524230e-01
3.424740e-01
7.644260e-01
3.036090e-01
2.661170e-01
1.283920e-01
1.709920e-01
-4.574200e-02
-3.360340e-01
-2.835100e-01
-5.707460e-01
-4.287340e-01
0.000000e+00
-1.973800e-02
6.795500e-02
4.204440e-01
6.665830e-01
1.222430e+00
1.333070e+00
7.581670e-01
2.224030e-01
-1.238840e-01
2.138680e-01
5.042930e-01
3.301230e-01
-4.679590e-01
-4.882670e-01
2.257500e-02
-4.448540e-01
-3.924700e-01
0.000000e+00
-2.240440e-01
-1.717700e-02
-1.988380e-01
3.245550e-01
1.104800e+00
9.401030e-01
6.877940e-01
7.080500e-01
3.089360e-01
3.772720e-01
4.388840e-01
-1.174630e-01
-2.603430e-01
-5.537400e-01
-7.245070e-01
-9.576560e-01
-5.171340e-01
0.000000e+00
3.035510e-01
1.236580e-01
-5.178080e-01
4.774200e-01
6.732870e-01
9.739880e-01
9.090850e-01
9.054240e-01
3.819380e-01
6.073940e-01
4.301330e-01
-7.867600e-02
-8.802400e-02
2.307650e-01
-9.365000e-02
2.194220e-01
-1.343190e-01
0.000000e+00
4.913110e-01
4.329060e-01
3.125250e-01
2.420910e-01
4.983410e-01
1.033610e+00
9.080390e-01
8.444800e-01
1.754900e-01
-4.349100e-02
4.706790e-01
8.175980e-01
9.120050e-01
8.336330e-01
4.133600e-01
6.048500e-01
2.562240e-01
0.000000e+00
3.692620e-01
1.975400e-02
1.175410e-01
9.324540e-01
8.123810e-01
4.981040e-01
5.262950e-01
2.846620e-01
3.201060e-01
2.005700e-02
4.099300e-01
1.373480e+00
9.377300e-01
1.004840e+00
7.388260e-01
9.220970e-01
3.816620e-01
0.000000e+00
0.000000e+00
0.000000e+00
0.000000e+00
0.000000e+00
0.000000e+00
0.000000e+00
0.000000e+00
0.000000e+00
0.000000e+00
0.000000e+00
0.000000e+00
0.000000e+00
0.000000e+00
0.000000e+00
0.000000e+00
0.000000e+00
0.000000e+00
0.000000e+00
